1 7171 31507
2 25361 79932
0 38530 18861
0 111933 101477
0 47026 87041
3 55905 17985
0 112728 6292
2 60207 35286
1 95616 54318
3 52140 115648
2 72826 50384
3 67319 33413
1 73594 89921
0 27789 115757
3 57092 88742
0 48900 62196
0 16050 39364
0 44816 38136
2 34847 52548
3 121114 65789
0 29399 107963
1 103720 109761
3 28675 97793
2 82174 96387
3 59145 34262
1 90516 46056
3 7694 88727
3 101069 99107
2 81880 75945
0 2104 25330
3 17681 107677
1 61593 119518
2 71054 110168
0 94432 3307
0 71404 42703
3 38818 35363
0 63786 91952
2 25942 35597
1 49512 28851
1 96896 113979
2 114691 46729
1 60569 85853
0 4837 15270
1 65369 1698
2 8115 33228
1 95138 10528
2 59730 103645
2 49336 17801
1 99434 39015
3 21061 74069
3 10602 90057
3 52874 20250
2 92174 98770
0 16913 117362
0 24275 66421
2 83857 10239
2 114106 58974
2 115141 22343
3 112772 122318
2 84489 92138
1 48631 78132
2 69810 79250
3 105891 122196
3 43569 9020
2 6135 22974
1 120944 78855
0 120848 29903
2 84259 22203
3 50296 91871
3 12307 118957
0 88886 73550
3 25398 5101
0 86996 55457
1 119305 60459
3 22529 106997
1 28579 60309
2 104328 32591
1 7343 110372
1 123607 27304
0 86636 16469
2 86786 2840
2 119616 15944
1 23405 94407
0 94601 52054
0 100588 32810
0 19008 56093
2 66015 46205
3 95912 118028
1 57643 58803
3 82311 62452
3 88764 34074
1 79274 28061
3 112138 73068
3 35109 113660
0 82405 107909
3 9702 62179
2 52176 92615
0 1176 33945
0 25280 118609
3 10673 55618
