2 27049 121021
0 11482 79363
0 112254 23335
1 118998 112915
3 60562 37894
2 84913 54156
2 496 30828
2 29072 51599
3 101508 73880
2 59469 75966
3 77898 63102
0 118226 49047
3 119029 27292
1 58396 21037
3 79047 117270
2 116812 63138
1 64787 65032
0 98034 80382
3 111453 9299
0 52965 1068
0 74110 50315
1 43395 57070
2 113685 60645
2 4166 37639
3 36235 6428
1 115259 91043
2 19456 71378
1 80630 101099
1 56928 5479
0 118358 78395
0 87557 99231
1 40754 63722
1 219 40604
2 29664 18835
0 30825 71322
3 3787 63193
1 38816 86982
2 22199 42752
0 92134 44878
3 23027 96757
3 107917 124755
3 88446 16476
1 59590 59395
3 119763 72936
2 64664 25648
2 112036 22753
1 6166 49417
1 61747 61980
3 8718 31957
2 40408 62889
0 114507 9275
3 36547 52629
2 19354 5129
2 54191 71876
3 19735 36837
2 12531 104281
2 18925 120069
0 120130 13246
0 75876 1637
0 37132 55534
3 107608 84606
2 55069 28584
3 74264 64264
0 101308 81249
2 15751 391
1 38702 56760
2 44139 103710
0 77078 6070
3 124164 55126
3 53065 114146
3 58616 60812
0 103780 108612
3 118409 34951
2 42920 41362
1 95953 58176
0 58446 35858
1 2828 55269
0 48619 22026
0 42454 70072
1 113972 99313
1 78537 30781
0 8158 104338
0 92949 5777
0 45248 58154
3 43731 25859
1 78585 61097
1 77250 60606
2 85517 31479
1 82499 80493
3 42016 107594
3 94142 23145
2 5354 50243
3 63855 21090
2 76560 87257
1 19289 6136
2 55240 46221
0 86072 52321
2 105745 106413
3 61082 67257
1 100618 26685
