Operations Created: {add, sub, mul, div}
Attempting to create calculator... Success.
Attempting to load data from file 'input1'... Success.Attempting to execute calculator on data... 3273497029.00000
90845.00000
135589.00000
6083.00000
1.59819
4598548428.00000
15290688.00000
1500086128.00000
1.37396
4517622054.00000
1.23448
167273.00000
4.36131
37359.00000
0.67406
7375276056.00000
-245.00000
178416.00000
11.98548
54033.00000
124425.00000
-13675.00000
6894426825.00000
156804074.00000
5.63706
24216.00000
1388730368.00000
-20469.00000
51449.00000
196753.00000
186788.00000
-22968.00000
-40385.00000
558721440.00000
102147.00000
0.05993
-48166.00000
949051648.00000
137012.00000
0.23799
0.86503
5.36817
195.00000
1.64203
1658502272.00000
2549155108.00000
-43251.00000
-233.00000
0.27280
2541218712.00000
123782.00000
0.69443
99266666.00000
3895032316.00000
0.53574
1306745211.00000
2272305825.00000
133376.00000
77513.00000
92666.00000
1.27187
1574092296.00000
1.15561
182557.00000
6158641.00000
-18058.00000
4577655690.00000
83148.00000
2.25237
0.46489
0.96389
212392.00000
3.38786
1775257040.00000
37777.00000
94304.00000
-52441.00000
70645.00000
112526.00000
14659.00000
47756.00000
112496.00000
98726.00000
103402.00000
1.69113
17488.00000
16644.00000
2691989643.00000
2006.00000
0.39051
4.06749
269001022.00000
3.02774
6680395920.00000
13153.00000
2553248040.00000
138393.00000
11252642685.00000
0.90819
73933.00000
Success.Attempting to free all calculator memory... Success.
Test complete.
