Operations Created: {add, sub, mul, div}
Attempting to create calculator... Success.
Attempting to load data from file 'input2'... Success.Attempting to execute calculator on data... -24336.00000
2027155452.00000
57391.00000
213410.00000
134067.00000
3.10842
119020.00000
2124464202.00000
41298.00000
0.45085
3669265184.00000
2.01475
-16327.00000
143546.00000
0.64335
111096.00000
55414.00000
82952.00000
1831140156.00000
1.84095
137362.00000
-6041.00000
0.29322
7920505338.00000
1.72626
44460.00000
0.08672
1.01980
6218376600.00000
27434.00000
0.16420
-57925.00000
7827877072.00000
97739.00000
114107.00000
1.09770
155738.00000
923457374.00000
20661.00000
-17083.00000
5359395739.00000
-25284.00000
20107.00000
63671.00000
269645220.00000
84610.00000
6190715850.00000
878230136.00000
60419.00000
0.28434
0.11773
2.61106
9104025980.00000
134275.00000
90696.00000
858611823.00000
6729287244.00000
2572595363.00000
0.92196
7784647482.00000
-29501.00000
5532442500.00000
0.86657
4.83027
140945490.00000
42089.00000
150751.00000
1870802577.00000
0.54746
0.10346
162436.00000
4.97902
142453.00000
58846.00000
0.21056
-31730.00000
3400153848.00000
-103029.00000
96303.00000
103105.00000
246472240.00000
1907157504.00000
-71002.00000
146655.00000
133398.00000
75101.00000
3050223075.00000
0.81262
-1160.00000
1.31799
2.60504
51213.00000
1.53471
0.30889
190314.00000
0.15603
4832280240.00000
35121.00000
143889.00000
0.19190
Success.Attempting to free all calculator memory... Success.
Test complete.
