Operations Created: {div, mod, mul, add}
Attempting to create calculator... Success.
Attempting to load data from file 'input1'... Success.Attempting to execute calculator on data... 3273497029.00000
0.14468
4.81054
6083.00000
98456.00000
4598548428.00000
15290688.00000
1500086128.00000
175388.00000
4517622054.00000
141000.00000
2.41046
146321.00000
16322.00000
196317.00000
7375276056.00000
64787.00000
1.21960
120752.00000
49.59270
1.47292
43395.00000
6894426825.00000
156804074.00000
42663.00000
24216.00000
1388730368.00000
80630.00000
2138.00000
1.50976
0.88236
40754.00000
219.00000
558721440.00000
0.43219
66980.00000
38816.00000
949051648.00000
2.05299
119784.00000
232672.00000
104922.00000
195.00000
192699.00000
1658502272.00000
2549155108.00000
6166.00000
61747.00000
40675.00000
2541218712.00000
12.34577
89176.00000
99266666.00000
3895032316.00000
56572.00000
1306745211.00000
2272305825.00000
9.06915
46.35064
0.66864
192214.00000
1574092296.00000
138528.00000
1.24688
6158641.00000
38702.00000
4577655690.00000
12.69819
179290.00000
167211.00000
119428.00000
0.95551
153360.00000
1775257040.00000
37777.00000
1.62993
2828.00000
2.20735
0.60586
14659.00000
16975.00000
0.07819
16.08949
0.77807
69590.00000
17488.00000
16644.00000
2691989643.00000
2006.00000
149610.00000
117287.00000
269001022.00000
84945.00000
6680395920.00000
881.00000
2553248040.00000
1.64508
11252642685.00000
128339.00000
20563.00000
Success.Attempting to free all calculator memory... Success.
Test complete.
