Operations Created: {div, mod, mul, add}
Attempting to create calculator... Success.
Attempting to load data from file 'input2'... Success.Attempting to execute calculator on data... 7171.00000
2027155452.00000
2.04284
1.10304
0.54027
73890.00000
17.91608
2124464202.00000
41298.00000
167788.00000
3669265184.00000
100732.00000
73594.00000
0.24006
145834.00000
0.78622
0.40773
1.17516
1831140156.00000
186903.00000
0.27231
103720.00000
126468.00000
7920505338.00000
93407.00000
44460.00000
96421.00000
200176.00000
6218376600.00000
0.08306
125358.00000
61593.00000
7827877072.00000
28.55519
1.67211
74181.00000
0.69369
923457374.00000
20661.00000
96896.00000
5359395739.00000
60569.00000
0.31676
845.00000
269645220.00000
386.00000
6190715850.00000
878230136.00000
21404.00000
95130.00000
100659.00000
73124.00000
9104025980.00000
0.14411
0.36547
858611823.00000
6729287244.00000
2572595363.00000
235090.00000
7784647482.00000
48631.00000
5532442500.00000
228087.00000
52589.00000
140945490.00000
42089.00000
4.04133
1870802577.00000
142167.00000
131264.00000
1.20851
30499.00000
1.56871
58846.00000
129526.00000
28579.00000
3400153848.00000
7343.00000
14391.00000
5.26055
246472240.00000
1907157504.00000
23405.00000
1.81736
3.06577
0.33887
3050223075.00000
213940.00000
57643.00000
144763.00000
122838.00000
23152.00000
185206.00000
148769.00000
0.76365
71881.00000
4832280240.00000
0.03464
0.21314
66291.00000
Success.Attempting to free all calculator memory... Success.
Test complete.
